1
11
111
1111
11111
111111
1111111
11111111
111111111
1111111111
11111111111
111111111111
9
99
999
9999
99999
999999
9999999
99999999
999999999
9999999999
99999999999
999999999999
0
00
000
0000
00000
000000
0000000
00000000
000000000
0000000000
00000000000
000000000000
21
2121
212121
21212121
2121212121
212121212121
2112
211221
21122112
2112211221
211221122112
121
1212
12121
121212
1212121
12121212
121212121
1212121212
12121212121
01
0101
010101
01010101
0101010101
010101010101
0110
011001
01100110
0110011001
011001100110
101
1010
10101
101010
1010101
10101010
101010101
1010101010
10101010101
12
1212
121212
12121212
1212121212
121212121212
1221
122112
12211221
1221122112
122112211221
212
2121
21212
212121
2121212
21212121
212121212
2121212121
21212121212
10
1010
101010
10101010
1010101010
101010101010
1001
100110
10011001
1001100110
100110011001
010
0101
01010
010101
0101010
01010101
010101010
0101010101
01010101010
09
0909
090909
09090909
0909090909
090909090909
0990
099009
09900990
0990099009
099009900990
909
9090
90909
909090
9090909
90909090
909090909
9090909090
90909090909
98
9898
989898
98989898
9898989898
989898989898
9889
988998
98899889
9889988998
988998899889
898
8989
89898
898989
8989898
89898989
898989898
8989898989
89898989898
098
098098
098098098
098098098098
098890
098890098
098890098890
89098
8909890
890989098
89098909890
210
210210
210210210
210210210210
210012
210012210
210012210012
01210
0121012
012101210
01210121012
987
987987
987987987
987987987987
987789
987789987
987789987789
78987
7898789
789878987
78987898789
321
321321
321321321
321321321321
321123
321123321
321123321123
12321
1232123
123212321
12321232123
123
123123
123123123
123123123123
123321
123321123
123321123321
32123
3212321
321232123
32123212321
012
012012
012012012
012012012012
012210
012210012
012210012210
21012
2101210
210121012
21012101210
0987
09870987
098709870987
09877890
098778900987
0987890
0987890987
0123
01230123
012301230123
01233210
012332100123
0123210
0123210123
1234
12341234
123412341234
12344321
123443211234
1234321
1234321234
4321
43214321
432143214321
43211234
432112344321
4321234
4321234321
9876
98769876
987698769876
98766789
987667899876
9876789
9876789876
3210
32103210
321032103210
32100123
321001233210
3210123
3210123210
98765
9876598765
9876556789
567898765
12345
1234512345
1234554321
543212345
43210
4321043210
4321001234
012343210
01234
0123401234
0123443210
432101234
54321
5432154321
5432112345
123454321
09876
0987609876
0987667890
678909876
543210
543210543210
543210012345
01234543210
123456
123456123456
123456654321
65432123456
654321
654321654321
654321123456
12345654321
012345
012345012345
012345543210
54321012345
098765
098765098765
098765567890
56789098765
987654
987654987654
987654456789
45678987654
7654321
0987654
6543210
0123456
1234567
9876543
87654321
12345678
09876543
01234567
76543210
98765432
987654321
098765432
876543210
012345678
123456789
0123456789
9876543210
0987654321
1234567890
1234567890
0987654321
9876543210
09876543210
01234567890
1234567890
0987654321
9876543210
09876543210
01234567890
